1  10.0000 190.0000
2  100.0000 100.0000
3  100.0000 78.0000
4  119.0526 89.0000
5  119.0526 111.0000
6  100.0000 122.0000
7  80.9474 111.0000
8  80.9474 89.0000
9  100.0000 56.0000
10  122.0000 61.8949
11  138.1051 78.0000
12  144.0000 100.0000
13  138.1051 122.0000
14  122.0000 138.1051
15  100.0000 144.0000
16  78.0000 138.1051
17  61.8949 122.0000
18  56.0000 100.0000
19  61.8949 78.0000
20  78.0000 61.8949
21  100.0000 34.0000
22  122.5733 37.9803
23  142.4240 49.4411
24  157.1577 67.0000
25  164.9973 88.5392
26  164.9973 111.4608
27  157.1577 133.0000
28  142.4240 150.5589
29  122.5733 162.0197
30  100.0000 166.0000
31  77.4267 162.0197
32  57.5760 150.5589
33  42.8423 133.0000
34  35.0027 111.4608
35  35.0027 88.5392
36  42.8423 67.0000
37  57.5760 49.4411
38  77.4267 37.9803
39  110.6072 12.6416
40  131.2052 17.7186
41  149.9897 27.5774
42  165.8689 41.6452
43  177.9201 59.1044
44  185.4429 78.9402
45  188.0000 100.0000
46  185.4429 121.0598
47  177.9201 140.8956
48  165.8689 158.3548
49  149.9897 172.4226
50  131.2052 182.2814
51  110.6072 187.3584
52  89.3928 187.3584
53  68.7948 182.2814
54  50.0103 172.4226
55  34.1311 158.3548
56  22.0799 140.8956
57  14.5571 121.0598
58  12.0000 100.0000
59  14.5571 78.9402
60  22.0799 59.1044
61  34.1311 41.6452
62  50.0103 27.5774
63  68.7948 17.7186
64  89.3928 12.6416
